13050671662
13040856097
13372379763
13259211001
13014659944
13076422766
18934878829
13966556280
13191880708
13686130674
18955078951
13900011173
13610412631
15512113470
15547995595
15540981781
15803783156
15892287822
13667657901
13453169382
13833104192
18903803349
18928948329
13042037285
15874874719
13998723274
13978273024
18967720703
13691426101
13203471516
13179063841
13053190692
13250442300
13693516057
15524239719
13532143839
13267933511
13341514589
15598759484
13425973288
15856397190
18903622521
13410349602
13149064167
13538993692
15569327661
15575295671
13977747885
18604881799
13079699005
13934367701
13267410323
18927918711
15824626143
13275818858
18658819354
13586850404
13134831932
13141950554
13921099987
13686060985
18617596274
13253626140
13577781572
13501062553
18651975938
18612746452
13483554098
13125487700
15868795244
13776963907
13967869822
13392081611
13901653365
15545372858
15831591005
13091107963
13343006060
13997968921
15548073742
15896083795
13281086208
13279735380
13626516809
13198571849
15880395512
13889839939
13990853705
13077645607
13094540773
18646331859
13221583425
18605659263
13569293730
13307539854
13957545207
13361327379
13161494832
13324946681
18658961595
13891374484
13744423527
13230806349
13907092132
13867948872
18622199845
13965591493
13722055334
13120820977
13904527946
13387969061
15590022396
13918294476
13553848588
13944937246
13490872825
13789597595
15599919237
18958051572
15544195863
18691234335
13117058552
13725538770
18913064850
13457928700
18667243508
13763751733
18692648370
15857334723
13814388841
15869971629
13317809996
13296001851
18988127990
15590587986
13677084743
13198141327
13341060123
13826004547
13438018320
13317188609
13806524717
13055277732
13350798526
13797088558
13096930306
13678512381
15587803443
13231528405
13549785025
15835555104
13221005991
15552481855
13696359567
13759582883
13603054116
13002438440
13967638824
18671250239
13631113852
13734978402
18998966218
13656854215
13236062326
13016329994
15861313824
13647940840
18910587519
15813787511
13073675553
13106678360
13776279226
13000327702
15558318284
13213771097
13136098865
13159416766
13670869849
13963019607
13128402954
13513979941
15589690200
13572305314
18647446082
13529188835
13837572620
13672438945
13154922795
15500108026
13344769809
13481366437
13087293759
13056959944
13405614234
13736177204
13386535960
13821911662
13258479533
15543104551
13126953120
18638015706
15576598633
13833909958
13398052591
13880470581
13482119618
13428369557
13369566454
13803004225
13740045014
13386473346
18619580487
18623401673
13638073703
13393389576
15508647893
15812743633
15831475631
13595699483
13293983302
13036651114
13817580396
15897899163
15839527308
13957935813
13084645071
18606130002
13445900201
15593061351
15586894467
13156383422
13041645049
13334576488
15551901040
13903286231
18625254176
13956378310
13614012521
13369250587
13321943726
18963068374
13772979775
13862014961
15552767523
13816292733
13775390340
13538346545
13253313735
13310005305
13838511318
13966550222
13098310817
13300517335
13302838372
13810442364
15849229239
13892804833
13814532470
13672827182
13007297054
13921496837
15886309322
13636116832
13438924602
18979294275
13524408220
13809433137
13439447139
13211429164
15847336810
13769068946
13673697247
13974489044
13823017641
13681021081
15877520769
13881194100
13985378520
13782030851
13732758305
13327158751
18973457085
15831257351
15532994083
13339428701
13891166985
18910331142
13141598664
13458928390
13901700131
13468778224
13960647031
13221099627
13879388886
15831462067
13247431520
13567031873
13638608323
18973684880
13966283318
13481525819
18659253832
15893978067
13664462390
13016204012
18620534132
13492765332
13535734869
18917646063
13270551611
15827016370
18976591335
15592871721
13579012109
18658034238
15591467696
13347299899
18649285292
15887721139
13823528314
13302727195
13059041082
13504711891
13943188022
18906392135
13879059910
18666328454
13941237837
13571782678
13212813374
13603185262
13273938802
13896381226
18654562251
13113512434
13469134091
13863480258
13372821588
13372308759
18942559114
13601650629
13173930311
13558888864
13285058624
13667012452
13845512280
18695565018
13667077706
15545054431
13090823457
13421115092
13869868522
13267667025
18918540625
15820808600
15842636838
13969776544
15520227924
13835718854
13089574173
18911897439
13039004382
13611269031
15865987318
15817344097
15576472333
13780003771
15572285135
13790846175
15546619188
18943926522
13957518063
13386201466
13730645776
18961522092
13569577663
13158497309
13701838920
13967866716
13496296653
15872383669
13248175565
13065047986
13172472420
18907249174
15860736046
18941429901
18922598659
18974632200
13705450670
13065485666
13649414544
13936920352
18684895169
15596443276
13286715449
13713517762
18672680759
13094835530
18938029847
13141874128
13803436564
13748575364
13182477043
13218402715
13053726621
13566119604
13195240763
13711571263
18997119385
18929334691
13868382944
13023789396
18625523072
13984426658
13092707026
13417928867
18627808924
13974555416
13472692811
13521452510
13066395986
13214082120
13948366849
13537662792
18924267902
13927688903
13405246272
18604324836
13994338946
13020106417
13148028086
13397052368
13521682454
13311998522
13713900203
13498686036
15800568262
13614977353
13138857939
13357839027
15531026338
13728986152
13884017963
18971074257
13663957042
13403830603
13281430752
13831929942
13217782083
13173085545
18640027494
13832397661
13335784125
13407321774
13315810198
13171962128
18674840515
18612617081
18958932911
13927904620
18613751789
13588512973
13201665106
13464090341
13512298227
13404606712
15593322063
15504132405
13729433118
13696387476
13508313489
18699859868
13668305318
13397942759
13154206315
18688181984
13906422659
13099602554
13427613247
13178596471
15536986096
15856432798
13124388477
13397541628
13058991216
13159622909
13573548673
13702649904
13403149001
13187871692
13886642812
13283300186
13978726289
15861217894
13588689759
13961489689
13536345853
13984045036
13889810370
13200080207
13360504033
13536892193
13158750326
18674323890
13690957191
15836500649
13385498763
13442971771
18903282264
13298742577
15830549215
18627459777
13738962657
13195888721
13926051332
15852682062
15895393234
13950233945
13829326649
13232899997
13335200851
15502325034
13032886758
13250474743
13170547589
13613421201
18949302211
13265196599
15535713198
13320582007
15817408966
13594435964
18620929006
13268773760
13813380351
15518548660
13482263423
18938040890
13978978455
15812438156
15590926047
13417180132
13964492094
13356279111
13468001999
15867644411
13927163309
13566011600
13165185452
13599962424
15895526680
13021089960
13053433154
13662392177
13993163549
18646049677
18674913638
13349142871
15538827106
13528311755
13112686206
18643287739
13093703398
18904419659
13610462617
13947767657
13639500455
13098941444
15568999789
18907058467
13237633644
13887633428
13034099251
13585014015
13409329543
13106799408
13163965115
13309765783
13229210468
18655758515
13899034727
18959291012
13730307004
13227944586
13505037760
13324540678
15539338666
13190661136
13679119359
13103869971
13535249952
18601969368
13856274820
15842982424
13692382723
13961379240
13635793653
13215521712
13293839893
18661673325
13121146031
13931852036
13724838295
18630574766
18911418144
13624731285
18646394434
15805233475
15821218078
13037775663
13589455171
15527257522
13609970543
13332088644
15896445609
13725451385
13740007212
13475359368
13153633873
13860480382
13405912725
13086894070
18961628198
13834934612
13479233960
13269860214
13948737486
18642800451
13455550851
13427585627
13427441570
13006196583
13120884359
13360764579
13050236756
13935916754
13373041836
15808393759
13597530152
13533784772
13462984211
13543799073
13028952466
15869491758
13932304432
13701034229
13931197835
18979836953
13661540005
13270261202
18990268890
13639432229
18996432577
13002520158
13265828358
13488403225
13533091383
13403782070
13258761772
13672509987
15897495484
13824011431
13691343548
15877490447
13146139809
15869212023
18699350920
13834108579
15513832331
13450393110
13789113219
13597482542
13900498403
18697257944
13606659462
18971166327
13006972427
13263155657
18967548259
13209433124
13803191139
13276850481
13323060481
13167809709
13575791553
13989992306
13537025277
13971316710
13838686636
13209473384
13869068988
18628533710
13096284659
13985333463
13698365195
15856628797
18684778794
13062758383
13891710582
18940618316
13534554339
13727018631
18998706106
13689930873
13744967546
13834673654
13797393750
13606652833
15590393866
13408117796
15508302387
18612530823
13315007366
13022726108
13578195949
13383683740
13318720107
13794962722
18696432967
13805905896
13687554088
15896484918
13136257745
18645147776
15838652610
15531078452
15579579151
18688555728
15528148731
13738063997
13193650888
13275945091
13803550920
18908008823
13759690611
13942974794
13727171630
13278975034
13349100545
18920330529
13116175373
18611071307
13799840735
15830317658
13035281378
15804805947
13062885755
13639380161
18627831986
13059658927
13882716150
13302408630
13384237898
13740744222
13303542704
13389763734
13865897176
13766156420
13035113350
13973134675
15587142682
13323797009
13350473564
13264208785
13090781546
13177822391
13448724082
13972910714
13839578577
13780353765
13592556987
13489028557
18991748409
13542195182
18946234027
18956936790
13591160243
13425998875
13822025859
18900628759
18677223621
13733574975
15581148013
15852393866
13404263098
13254567578
13953461636
13284932543
13297186655
18996727906
13277180859
13963647634
13270728462
13270973126
15879873157
13105024723
13731598960
13850287518
13196511124
13299882389
13175903280
18623351693
13634027578
18660199151
13821708639
13910883967
13002390081
18929737985
13487639716
13162146082
13925350659
13478657358
13213141619
13939032492
13230423831
18979248629
13179848356
13199345813
13407229525
13099892412
13608125191
13530671332
15500903323
13428315173
13105009295
15820520001
13797316765
13711924534
18676582627
13687677308
13160494809
13545038266
13401608035
13339974961
15875369727
13632314725
13853574531
18903968418
15565708834
15832578029
13984766274
13834433182
15891007509
13980944541
13111573879
13168343425
15843052253
13649464710
13658081668
13123764762
13959757254
13515259444
13716809251
13016050195
13536912958
18628513861
13141805226
13442683119
18924475596
13677939940
13341519491
18693529591
13197435241
13322259209
13459730602
15500353854
15556774456
13058038869
13456364334
18605277122
13214454138
15573216622
13404795293
15518303547
15597804085
13956167269
15807242408
13757185355
18968087038
13690285688
18926895900
13276660724
13087673182
13481274746
13152668840
15817477039
13031565098
13721824050
13846157222
18638216384
15563674405
15587640147
13681069097
13261755322
13476113701
18981189187
15522894919
13564383519
13206039573
13183802364
13752564401
13083728691
13408554485
18959452059
18979534534
15852712488
13173405092
13665203143
18644339153
18999444116
13171948567
13606740277
15870162326
13382436461
13871642058
15529883325
13857536630
13200017469
13376595041
13280227443
13964061229
13575584055
13256366468
18960694472
13174055006
13881925125
13742061676
13006650857
13626790240
13420063216
15840264253
13603276589
13872749880
13423909024
13753367918
13769084621
13780389669
15894576650
13443104005
13908482445
13585309834
13136099560
15837814734
13766265153
13296939318
18672721749
13158455142
13593596056
13264287500
18905705535
13627578756
13475434012
13864561714
13963968829
13162648136
15828299392
13329375725
13514572113
13879730927
15848156554
13860049054
13225137810
13616387823
13553635170
13837795531
18966725272
18958980375
18641337572
13925508877
13778937845
15510435832
13273650973
13318295457
15859159957
13382399477
13298542709
13653665509
13055337011
13861901867
13822393174
13555629620
13877800178
13894604524
13818045356
13710963914
13951443621
13467842224
13575813604
13018846368
18678676761
13405123185
15556624949
13136782134
13838667379
15895694697
15822506549
13020502499
15547581836
18665493815
