13940038088
13995347382
13991013622
13965187714
13974207462
13914685618
13953876262
13921198587
13943912653
13965887844
13924178359
13974479068
13917801364
13939651475
13951884294
13993774207
13995964889
13958493612
13949181113
13968172598
13943737047
13923456469
13966832756
13965614331
13935394552
13961373938
13902669329
13944899277
13941944103
13942587588
13953238596
13931785053
13980180584
13902615833
13909927796
13903209695
13952800513
13941033247
13941752709
13950744459
13989819886
13933321133
13960484415
13977677135
13994077598
13987972802
13928823222
13988373924
13962323107
13951488909
13909591442
13971598262
13948631622
13994645260
13951769850
13997635981
13977756649
13906104765
13974845079
13911428551
13988282659
13916485270
13920048336
13979933038
13985813189
13951314107
13929403246
13933306318
13966238955
13959312920
13999123680
13955821977
13982203868
13991637869
13908416228
13981885495
13987183661
13989917498
13936935610
13911904042
13904959582
13933404738
13905123106
13993474834
13944415548
13912575746
13920397360
13931118184
13911469958
13986048422
13908050047
13963623162
13935249835
13993347466
13985837312
13966119295
13945490225
13950116427
13994432275
13935251913
13919656433
13979284052
13989357837
13924261513
13917460471
13905442084
13938891962
13965666103
13919121851
13902122197
13946255322
13933763655
13990158483
13907269221
13900713632
13904694106
13956469964
13963567034
13990805930
13974972722
13936927375
13900127308
13914038559
13959310487
13947923069
13925226616
13970366320
13990658826
13938804004
13901896406
13973289871
13905484190
13923523377
13981225092
13945006981
13917758574
13966381026
13908674907
13901510632
13919682323
13951221687
13985182281
13918865938
13975327689
13938620629
13901061085
13923263632
13984341327
13963778592
13913708428
13904353056
13979277925
13938560612
13944418235
13901206240
13960181333
13987274832
13913897867
13930234127
13953605173
13909713475
13991001796
13912442161
13969035986
13970555698
13916219258
13998558967
13948614231
13979753862
13943764691
13941713347
13985529162
13943676693
13970931800
13902448631
13990824245
13947844708
13954573017
13995940525
13917090450
13916512278
13933191897
13987100131
13974829698
13921745548
13955213562
13966810322
13976825160
13908665330
13946094995
13959424896
13983675973
13930006052
13954399251
13976490194
13928573141
13939520293
13990260035
13916394685
13958360085
13937270004
13904454725
13903479201
13960583501
13935385829
13990019866
13927624960
13994159630
13939973391
13958113257
13979652700
13981885967
13986444269
13939299497
13996563962
13954101029
13950934428
13999861584
13968538719
13939632220
13906665470
13969405638
13968306369
13956491138
13929904489
13997205899
13955984669
13949793721
13964533049
13920466274
13970214273
13961438895
13918237578
13996285501
13943269544
13925072498
13965446897
13977683598
13942497557
13998302065
13960214235
13982138478
13984643044
13907441616
13944397999
13996898687
13943093698
13971807988
13980963994
13926496183
13963680157
13971805825
13915565190
13958783669
13925851675
13996922828
13954059387
13912233960
13905380809
13977221393
13911981485
13945906551
13966281963
13906184769
13902414507
13978602337
13902052792
13926550882
13970625507
13985834340
13963742921
13976426471
13921254201
13935032125
13975487441
13908794255
13927572438
13905496648
13934194234
13967717961
13954519404
13940457448
13997518705
13982316033
13997917553
13941664724
13957965354
13949228195
13956065320
13919581154
13920391272
13924191775
13918745860
13906169961
13977864321
13929480287
13912897621
13930115984
13968112201
13999009819
13950463072
13968625370
13939158610
13969117649
13984917051
13983635346
13992165898
13997553145
13980686691
13922647020
13993256690
13972199520
13979703161
13963377239
13990529705
13904428117
13992319951
13926105917
13961101239
13916567619
13921575201
13996490630
13942077773
13941595639
13974063218
13931689741
13977416521
13903268593
13901975665
13919140793
13998624515
13996752179
13925462241
13901922649
13924119214
13923589575
13990253738
13977824934
13957125855
13904311267
13999568450
13950760534
13914058903
13942136097
13931208332
13934939545
13987374572
13955305390
13948168016
13931444803
13931700100
13987220389
13978503714
13992390007
13997512665
13908308006
13975699216
13937677783
13949950809
13926376923
13960192034
13939673712
13966936707
13988335299
13919161645
13915486993
13921235283
13911393187
13956623298
13921720817
13932646283
13917242720
13956207921
13967182043
13917557876
13976397381
13922374044
13918496463
13977448756
13997793193
13988057719
13967252680
13950507743
13982361277
13988638715
13993695313
13979982336
13981522519
13930361574
13911854672
13951268769
13944284594
13928861246
13955475870
13995170467
13901957698
13903601696
13904506718
13978762363
13946386787
13900482151
13908907092
13990898411
13913170953
13952437290
13984534528
13946298438
13934774780
13904456876
13903666461
13907321686
13993222937
13950026696
13953918951
13958324655
13976434455
13957805870
13920005934
13995354980
13902522484
13938948013
13948107980
13901627558
13986284228
13931367318
13959391163
13965511649
13999723671
13974868691
13971090917
13954697726
13955307201
13945697633
13958136997
13935911745
13967370513
13987624602
13928528306
13940903593
13914832383
13900755257
13997921903
13930214631
13916268993
13936304260
13984745828
13990368176
13942864168
13920768598
13965477015
13980104766
13947261268
13926272266
13987423521
13968592232
13977654275
13974143515
13997782954
13963856217
13948882776
13948379999
13931535182
13914810240
13937590059
13922455610
13976016402
13913675810
13921443789
13909045447
13904746569
13973560230
13961841412
13965561163
13926388975
13989477218
13993883689
13942351024
13980955178
13929969366
13913986425
13973620773
13998313496
13913533162
13996891571
13993782365
13903879391
13952276678
13923030139
13907779037
13931214817
13998965440
13900816084
13905359943
13903021190
13941390472
13957804424
13936475047
13900643798
13937194721
13987938356
13966410682
13960972936
13936930375
13935996463
13989542945
13983935637
13904107282
13981189512
13932458359
13935975802
13990434408
13914944674
13971879127
13950576107
13966986865
13984083559
13925477879
13935492654
13981748231
13936028517
13972080401
13905435621
13945078005
13998470504
13943557225
13904856496
13955853594
13906141320
13941732020
13967766526
13989438295
13941334239
13977665651
13902923829
13941754801
13934593630
13944772351
13946832801
13952713350
13947859317
13926250841
13932522657
13993044067
13958103642
13908968505
13934068596
13946154928
13978688424
13967562115
13972354660
13998648879
13963773222
13923864293
13904014457
13946557934
13946607101
13945112645
13993553096
13917345627
13937315613
13951153244
13995199275
13941545608
13966095834
13914887085
13911883770
13982202408
13957359176
13936149102
13933662117
13965661557
13969176390
13912009585
13952673960
13994213580
13996664423
13945096422
13953498526
13990401438
13995631918
13921465615
13966756152
13946286171
13973459038
13991100560
13980818693
13900136088
13906678764
13964775794
13948769880
13927531505
13973026884
13992655536
13992773871
13992778391
13933256369
13901779021
13942184457
13947090546
13966044236
13958527388
13994087678
13945431306
13904388620
13966602439
13907324715
13949347958
13993207769
13956876868
13923732142
13914985970
13946452666
13903633658
13926694654
13992821229
13984943710
13939025253
13947158639
13928883106
13997445228
13981650543
13976144575
13989688536
13945076631
13978193644
13991367381
13919172794
13965450392
13999575849
13969828901
13953776273
13913812254
13925900693
13941733095
13906052402
13974809653
13902499134
13905103922
13975172959
13948429301
13958251818
13927072494
13990289601
13937196775
13956897290
13936995286
13905453962
13938732415
13966427992
13907556648
13975441200
13993710716
13998818355
13998768880
13932695869
13984775533
13954729312
13907674864
13915181320
13951003676
13956181827
13949464777
13917921088
13961187819
13926628845
13959092133
13918245799
13976387482
13901301252
13903628653
13928394292
13979178466
13962494789
13984426105
13980100574
13945703768
13987279105
13961448749
13970686133
13918926222
13975601195
13982700532
13920108920
13912091666
13966516402
13987192494
13969595278
13956448345
13959826905
13983088969
13939417099
13908433164
13900899882
13978995910
13939875866
13998190215
13987397868
13949457339
13934498075
13943352345
13980170394
13972627150
13950379229
13943571345
13931392527
13957778495
13912295618
13959674745
13961815788
13959389086
13980996521
13985935343
13935056246
13987797450
13993827218
13992979460
13934520020
13966739663
13941301533
13972280245
13920583764
13955316547
13974863243
13917803005
13914958300
13901117777
13926662018
13979428129
13995420366
13908701932
13997757009
13919483144
13989566256
13913182006
13967550889
13988982009
13948397035
13945956223
13906423923
13967295399
13984195511
13971516647
13942434596
13924905928
13915603203
13960984558
13983553938
13968386390
13940403095
13955846697
13993758047
13953170136
13940902289
13938231080
13989165577
13939244767
13945751535
13943117742
13934826642
13988778762
13998036057
13996490583
13924976566
13975309315
13924952408
13941966294
13990131664
13992434946
13909511110
13905590921
13910910109
13944905348
13950391483
13988430974
13968544626
13946792339
13927702195
13977993923
13941781968
13993196954
13921853296
13926892097
13934241162
13976034637
13919262953
13978448970
13952832493
13928810657
13960260584
13966425698
13966129711
13943695056
13980752433
13918773105
13958688401
13931550829
13929185124
13944495663
13983576952
13978821119
13923274850
13963577495
13989009217
13943233885
13911189574
13938049524
13929739260
13977908666
13991346956
13961670454
13910063337
13993099358
13904119499
13991503785
13976982159
13992166541
13928820919
13900745869
13928978743
13963526405
13974816744
13902596593
13988383062
13910111719
13962547005
13945377914
13960464833
13949863336
13926297587
13930612684
13998857217
13997315366
13933957289
13981571115
13905797256
13953362911
13992083233
13935466735
13906174057
13971668573
13950368042
13944987644
13943682681
13906224717
13997553485
13913403457
13985706287
13979962864
13933676407
13949767381
13986352475
13911823068
13965020486
13969782146
13995688633
13928903015
13980511107
13916960619
13946195732
13970337774
13950086542
13932795239
13937932844
13968752189
13979975276
13977051811
13973567042
13935492004
13917536324
13949036071
13989831811
13940170474
13981054148
13933462346
13933419175
13937340415
13974761722
13943366170
13970311214
13981200117
13958763376
13946229702
13929859209
13977686997
13986700273
13913600204
13997633540
13908551868
13961674424
13988717497
13995881510
13970781235
13958495785
13900079828
13928221886
13918632805
13974189371
13910593378
13914807922
13918939166
13991496443
13917964457
13928559526
13941807490
13943563670
13938843102
13989699673
13919541850
13940603273
13963334821
13921317476
13912935933
13978397132
13907356714
13904612427
13957009513
13956387906
13939510064
13942598226
13921168561
13910070268
13912239883
13987055808
13949022969
13967909410
13983716906
13984508131
13994861873
13957806343
13921263349
13925492559
13924798503
13926628330
13945729483
13972016472
13997252763
13939745049
13930504269
13955885985
13958101483
13995933646
13954353551
13974109895
13924083239
13971472725
13909398189
13976632752
13924291121
13936974173
13948523069
13958618536
13939779860
13969420571
13930287256
13941829278
13983294741
13972519465
13961486204
13915562301
13978865623
13904261949
13966121888
13997620554
13943823314
13956991693
13938628960
13998493558
13952427426
13980812782
13912061570
13937532335
13955999079
13955649839
13941597829
13947755777
13945565931
13911387382
13909735563
13939732200
13957056403
13934280464
13982813168
13953776838
13943612071
13927444973
13921782495
13958432037
13931494871
13959992018
13930493427
13966020250
13988984420
13906522224
13972914738
13966147525
13921502004
13913295806
13922194504
13942793308
13998305549
